6923193113
6176645254
7021477105
8553301740
79156181
7176974658
1972798510
6510313231
7734949744
6949395474
5853933582
8436077064
206090793
805613896
1138263566
1332054984
1364679885
2118847126
5556118710
6049580876
6241323119
7319838738
7337440580
7775152941
8347976136
8499450896
8509376798
7867212067
7411273160
6923250105
1453449534
1863611627
8372439862
7993922630
852189573
6833745047
5444316008
6942672571
6239796414
5003181208
6386664534
5264481547
1609065381
1652873949
5664592599
712989541
1795840182
7455815392
6587824873
8364320995
8283234386
430819173
5635805530
5239388473
1613175865
7493416856
8073756788
7250173639
7585285777
7753467793
5076998280
7505952954
7688100266
7108544389
55610547115
6044305371
8469354644
5267593516
7495948172
6602578716
8442839445
6299042427
6742388969
5822790127
7076832873
5651761276
2066520809
1941320579
229274030
1294174316
1282577741
462519865
665170723
956243082
6607751859
696784041
7778772013
5860234592
6193843873
8171112487
6043326144
865326525
7033007868
6011319840
890161831
7774991859
8086050339
6240131541
1632756330
6365180975
827834386
7582177134
853952981
5624434580
1968172059
5552137646
499029517
7297648704
8366439328
5543783905
940675418
6764732968
7596278668
7145117452
182512091
686592315
754378641
764254295
809867069
817634691
819674844
833250620
872713740
1012853284
1039403179
1059682308
1062603889
1074459895
1098138098
1106245382
1114013568
1142396161
1143319183
1155441573
1189426171
1194945381
1197280864
1208457666
1230408977
1232384960
1249567735
1251609573
1289148457
1291250435
1295107487
1297742969
1505888249
1617619539
1676441982
1683802147
1844880100
1877576356
1959301471
1995429220
2052547191
2058508028
2094263171
5023751817
5029763335
5057839083
5125775210
5160341548
5166581889
5177845207
5281867249
5374094585
5400814321
5434916640
5593865895
5631862253
5642788847
5714684236
5720608782
5728226903
5887703679
6031087134
6400649390
6429715619
6438287929
6477008001
6503194736
6511809182
6524487545
6536399435
6561049355
6575144139
6627278604
6646550278
7152594209
7182376877
7357777960
7375347929
7446382341
7531683105
7645054215
7742780964
7996987317
8001783649
8002002007
8073190641
8190584176
8200036403
8209269279
8220455820
8252739539
8270617982
8271513211
8273816602
8297572507
8343934891
8365776599
8393126799
8441001612
8455019662
8458989379
8459990241
8471587301
8478001319
8480791690
8487435819
8500716375
8507806520
8509710858
8515234729
8529392585
8534559751
8536827478
8542483928
8542914117
8551101218
8554565198
8558117616
8561900649
8566633460
8574705476
8576967900
8578555443
8580989790
8583973085
8592284919
8592649819
8646687182
1634131475
1849951133
6798991231
1505815935
8184881911
7850691579
1984307258
1973871940
7799211078
6477151206
1895560183
7536634169
7414873179
8021220023
7077825462
7674871069
8423573023
8393885234
8575297113
7799277003
6592251360
6553514905
8352927038
7545416958
8210475437
8381781808
8034796053
1013956581
8338880389
1696051808
5709770312
1710401516
7714356444
5676293415
8237114507
1458813834
7594558263
8474148466
7183302341
7382320234
2068817182
8287147259
7838265639
8344092517
6715748047
7633899903
5079894795
5053500366
7138818187
1818426937
8553041194
8366011157
6352851221
7862383402
8259464011
8533055548
7636396197
8275748994
8228371228
8361109823
5511727131
6810905621
8293651388
6509043403
1332630901
8093984254
1398538409
8321248136
6734825164
7955328016
7722487495
7409010594
7664194141
5165318200
6414955306
7749755121
6288559194
8388762219
8275109519
5065552880
7550027247
8419577031
1580870068
8320862071
1400608500
5555444242
8344601395
7466539384
6042537483
8428541438
6665672617
7572929516
6956352741
6030355846
6214042936
7447348212
6101904907
6234101506
6136433501
7808167659
6584306766
7638646885
1468013681
8170108241
5694507133
1947418013
7318939449
8357317802
6532356222
1484583382
2056104333
1382261490
5288722789
7867331126
5200327505
8309561040
8227742390
5961834304
8370597891
7998014909
8289669014
6876770530
8591269713
8169175850
5513725892
8102932804
8380595685
5512962966
1375318010
8029502069
8542798887
7450103154
7668429952
2051762028
8557502026
7386509746
5693064853
6869649499
7439414774
8377927223
8262496759
1804880924
8162136457
6683504225
8396233025
5770182074
1726236302
6642373566
7796688322
7740813729
8300319212
8403875692
8397705396
7916300316
7393066062
6412824579
5241212123
5579093459
5279727488
6114795444
8505732056
8494660919
5045141912
8269729641
8345711017
8416086538
8365260096
8512938062
8141522185
7619987236
7917127291
8354109183
6741086936
8374310206
8275493234
7454981073
8344998956
1034738053
1487499487
1829821933
2102745008
5147027089
5406761372
5526153235
5692080097
6142368315
6334005227
6751676341
6954552235
6966093174
6995053038
7031490277
7074673209
7299205867
7338298558
7507114947
7528589284
7596577496
7636350027
7737877928
7763835256
7870948874
7884778781
7908459573
7975640034
8024664257
8074550740
8095981769
8116741280
8253368315
8406506913
7021698919
8228208140
6191445493
7852083005
1996233267
8298391961
7568816413
7074086462
8309295321
7515574449
1183846763
8350777342
8461957652
5138411741
623981199
5453432821
6510073474
7894817023
1737841445
6495755810
8258114312
8249126824
5885217350
7969634965
85974946
8607938447
5810747494
7090950915
6312433236
8307272064
5839065733
528940928
504492615
8161516013
8336499965
7848306041
7601726673
1246011480
5065188878
1353700460
2015460473
7022926517
8564442036
6642873898
243217807
772492988
5768979225
1611747859
8529833311
8276945495
6456471370
5895188608
8106233410
7132120692
7024536303
7894817023
8514543396
7364902521
7996778419
7574632257
5460624653
8018097729
7523154204
7957923808
8260611182
7029484800
6708209142
681285298
8319407809
8143914851
8167491619
8271000025
6082812232
5431555842
1737841445
5758203994
8044671952
7993626608
6911396970
2051767032
8375196809
5983502183
7603885889
6702288922
8360520719
5294646916
5578255123
1922542001
8299673511
5499903230
8369872624
5862527853
5904893754
7862955383
5597035134
8420440032
5019093600
6642499769
8363637987
8348931651
6973203918
5019079682
1188841571
7869470935
1237024727
5587746752
8690946014
5261597172
7805688672
987096727
5831423330
5329552374
7740439636
8251358459
7250887259
5791853889
8423363113
8248995093
5541213563
8494475782
7753467793
7958556334
6758795472
8547911434
8550567422
6232558469
8545719163
8188994487
2106187940
7138412232
1431552847
6134320998
1924740698
5616932090
509843392
1865210375
6731477883
1931972371
7232337396
6535968244
5413146511
6573912284
8456927982
5493681853
6246064944
6536876471
5574538438
6031993351
7706758238
8519035557
6752070713
8155269492
6000816270
5611942270
7909118439
1735413100
8184289094
8402273162
6277397223
7417258957
1877083932
7944632900
1003013980
8281596377
6451946653
385086055
7998836007
1899347152
6838799084
8421382041
8433750820
8069425029
8314348937
6405792426
2028975315
1959903855
459717314
7977986616
6613852308
7614477986
6274993424
7920638619
5339052022
5970837727
8445601941
8304166361
8553422232
6946771555
8485967692
8280168531
7247819484
7219832494
7525368380
8682266232
8421786290
8329990935
5866615567
7069646963
8727635802
8663624036
5216772558
8457904480
6089338514
7159264115
7139464398
7678272722
6669354729
2129032575
5974265372
8516553181
5338675066
5509689408
6119950458
5316339707
5723497726
7558299745
6893290819
7060446595
8591261490
5255715778
2087375475
6092692422
2099049347
1275250095
8056420225
6794059754
6871535384
8499045013
5065188878
7781541319
6663808108
5367645484
7837144485
5160816980
1926232428
1688249191
979984964
6976697710
7226332475
5899515688
8376523184
5288706612
8562055017
8195266944
7936188223
6803971578
970972885
8023444127
1227596072
1967363191
6761881242
7271155180
8327960660
7870621731
5303771619
6651708992
7338871094
5110160265
7827254212
6164556763
7566826003
8091740456
8651446466
8587189588
7459153916
6327485057
7075571883
8002167578
7059414851
6134197691
8616026793
7156054895
6130394583
5229170003
1694761938
6922124866
8551989446
6013168673
5190649546
7784608379
7680928982
8383842743
6378612737
7657529317
5461054329
7637097670
979265749
8052408282
1145309838
7237105845
6485384775
8028289134
7012751161
5040404259
8665556881
8552854375
1425556001
5302409151
1580791348
7073217422
8570083828
5935648656
6298881880
1273587179
5701858340
8596281061
5793223916
8290529587
2100244087
1796916331
8125409836
2079319750
8633646895
6977661519
8432571724
7839920776
1499855064
8304350991
7100834855
8361230442
7628106983
6987025341
7220230592
6876033420
6589635223
1760876366
8753242307
8261917762
8326475982
1610446887
8004327728
7177322254
5390698720
8179222205
8320474828
7775829215
1312141046
7788071863
5936337953
6212245204
7551151892
8468772392
8276287802
8790234697
7538878059
5912125961
5130696655
7210202723
1239977617
1546121916
5124798321
7459526784
7758524636
7024423442
8240319438
5447888867
7695814864
6209671706
7979476667
7468666783
5576042183
7123205186
7185628943
6456704890
7855109370
8320606589
808522878
5209333573
8720214752
7602976396
7475663536
6451037620
5730409442
8449208520
7311184780
5252799296
7450678494
2089763980
7824153357
6864730506
7246968840
8239831627
7916162157
7406675368
7528047993
7293454971
8367506169
5425657406
7995758644
6808965704
777000
1932057833
5827253362
5912989102
6590228139
8436892737
8523049887
8278569290
8079215936
5850209584
6796601578
8326981154
8496947988
7769757215
5949766836
6446077160
6773715076
5962330643
6642873898
7805865033
5380217594
773728322
5846170690
8483833208
6816821534
1762723852
5557328553
6500758236
482739988
8538424870
6070163211
5007085332
5204440386
6807777600
6146464965
7719667531
1282395004
8394443911
5451872808
8291170022
2115304827
8448815635
5865118160
7421064362
6424842406
7102008539
7739538638
5295905364
8491603708
5759676525
6860108057
6644204958
7572927253
771718648
5009346922
5140408049
6059467699
6964565037
5614717330
8519785833
7880881380
7037829986
2082016426
724844779
8383487852
2055078553
5464078400
2119909159
6926194578
6613597935
1290031589
7180244519
8463952412
5459648893
7620973946
1596171599
1733664460
1746956359
5970631673
8015897635
7755472027
6106877312
8336369970
7624988709
1750716963
8586439387
5132004623
6837796679
7599521908
1064654759
8061156675
7028103819
7257317272
6974421891
7261274766
8330686408
1910006439
5788183327
5800872667
8535592619
6354506243
1565541882
7224483867
8229895535
7054003761
7578631586
5293519490
8591904541
1856670939
8372738524
5758552827
7808740811
413712594
5966463639
6526726263
6220270602
1618866110
8166042031
5620215473
5744552849
8273133462
6886727469
8355531707
6455053851
7387235473
8175910822
6819059668
8256602001
8358946081
8709048120
8081355170
8382423088
6251523792
1620077301
8334992353
5578005199
5467545115
1672031635
5026990448
6262291689
8168295696
5315806771
6438333822
6874169659
5121247611
8069619786
8304831399
6723410594
7411398713
2105602341
7599839176
856394604
8220253027
8591880922
7768123855
6697423968
7410124604
1876494744
1736614020
1736571649
8325712956
7786382218
1679460191
1915438825
8474324148
5603138587
7541360947
8601986693
6386651448
6940687614
8301836874
8553145990
5522468753
6607696876
5043907521
8412425375
6517027894
5266518281
5295109203
6348951545
7583019258
8510212685
7073732206
6741933580
8499960401
6806786509
6592907789
6246801003
8461208549
8126339438
7069279051
8439921417
8349158479
8200875427
6589353631
8010840047
6593502815
8519670922
6747432898
6954825126
8218666937
6316282216
8272945322
8003787003
8321382996
8468916030
7827615379
5449526124
7995172535
8158317141
8466243617
1697420940
8270225795
8211410726
8340688036
8059169098
8510545875
8576927869
8491291854
7757671288
8512465332
7052068191
8569636817
8563026317
8283452905
5534374722
7652218843
5849641079
5028307861
6557607420
6924308081
8357314928
8233279733
5023714718
8152036172
6838060781
8358803112
6944108707
6606602069
7422368813
8514411175
5943199719
8563865488
1296024086
7172956938
8519464799
8218505701
5775273962
8153873486
7333623461
8165081790
7502125363
8306510720
7598150645
7148981320
7337863815
6246774365
8369175036
8428801773
8547691839
8205936634
8389050811
7338293122
7942982530
5309905305
6999384380
5789190348
8452983996
7779237892
8333453937
8388148634
8034590236
6916799527
7153957478
8487138250
6718516564
8354408114
8452737929
8562700565
8464960142
6661502647
8282637580
6895669645
8067631083
8526303778
5116319448
8358876147
7500502679
7277699236
8500169936
7267653694
8406458430
7940782594
8110703575
8512184225
6425361595
6280135176
7279650052
5958233668
8279227140
8052564283
6234344369
1895597225
8573018442
7557395446
8338081037
8129773449
7794452329
8572197201
8252387183
7568616799
8083802298
8562285965
7603919043
7121292911
8193677331
8438010126
8597993104
7216086132
7816113207
8058090893
8436821130
8574304033
7500632463
7469493939
5691049343
8377278309
6269400595
7875341256
6900017692
5245518324
8026896259
5344436020
8229586411
6501527417
7606285252
7484519206
7000276465
5382398954
6336109126
1631921662
5000661119
8419265559
6918956501
8069313240
8212679378
6076008285
8212674050
1084928346
6280738784
6173514280
7710529915
7616718710
5131518454
7677942471
7607051802
6609979625
6394827415
1702788936
1134855862
1361027187
6788473574
6395243456
8486161417
7689410152
5280679249
1626436303
1427904297
7331140905
1956326839
7674448001
1832255405
6670450875
8568724729
7354063333
5304865610
6407901657
